4294967279,128
4294967279,131
4294967279,130
4294967279,129
4294967279,401
4294967278,332
4294967278,252
4294967278,4
4294967279,132
4294967278,251
4294967278,5
4294967279,400
4294967278,249
4294967279,399
4294967278,247
4294967278,245
4294967278,6
4294967278,331
4294967278,8
4294967278,7
4294967278,12
4294967278,11
4294967278,10
4294967278,9
4294967278,330
4294967279,398
4294967279,260
4294967279,0
4294967278,235
4294967278,232
4294967278,18
4294967278,17
4294967278,16
4294967278,15
4294967278,14
4294967278,13
4294967278,231
4294967278,228
4294967278,36
4294967278,35
4294967278,34
4294967278,33
4294967278,32
4294967278,31
4294967278,30
4294967278,29
4294967278,28
4294967278,27
4294967278,26
4294967278,25
4294967278,24
4294967278,23
4294967278,22
4294967278,21
4294967278,20
4294967278,19
4294967279,31
4294967279,30
4294967279,29
4294967279,28
4294967279,26
4294967279,25
4294967279,23
4294967279,22
4294967279,21
4294967279,17
4294967279,15
4294967279,14
4294967279,13
4294967279,11
4294967294,1158
4294967294,1157
4294967294,1156
4294967294,1155
4294967294,1154
4294967294,1153
4294967294,1081
4294967294,1080
4294967294,1079
4294967294,1078
4294967294,1077
4294967294,1076
4294967294,1074
4294967294,97
4294967294,80
4294967294,185
4294967294,182
4294967294,176
4294967294,173
4294967294,170
4294967294,163
4294967294,1159
4294967294,1420
4294967278,225
4294967294,470
4294967294,128
4294967294,186
4294967294,1067
4294967294,157
4294967294,441
4294967278,222
4294967278,221
4294967294,5
4294967294,107
4294967294,36
4294967294,41
4294967294,39
4294967294,1423
4294967294,2
4294967294,0
4294967294,390
4294967294,1422
4294967294,45
4294967294,29
4294967294,91
4294967294,90
4294967294,87
4294967294,86
4294967294,85
4294967294,84
4294967294,158
4294967294,129
4294967294,155
4294967294,419
4294967294,28
4294967294,1083
4294967294,27
4294967294,53
4294967294,393
4294967294,44
4294967278,219
4294967278,215
4294967278,213
4294967278,212
4294967278,210
4294967294,96
4294967294,94
17,4
4294967278,211
17,3
17,2
17,1
4294967278,329
4294967278,260
4294967278,0
4294967294,9
4294967294,8
0,7
4294967294,7
4294967294,22
4294967294,93
4294967294,95
4294967294,42
4294967294,99
4294967294,76
4294967294,52
4294967294,1070
4294967294,1066
4294967294,1065
4294967294,438
4294967294,190
4294967294,388
4294967294,162
4294967294,161
4294967294,387
4294967294,471
4294967294,12
4294967294,127
4294967294,19
4294967294,1162
4294967294,81
4294967278,132
4294967278,131
4294967278,130
4294967278,129
4294967278,128
4294967278,127
4294967278,126
4294967278,125
4294967278,124
4294967278,123
4294967278,122
4294967278,121
4294967278,120
4294967278,119
4294967278,118
4294967278,117
4294967278,116
4294967278,115
4294967278,114
4294967278,113
4294967278,112
4294967278,111
4294967278,110
4294967278,109
4294967278,108
4294967278,107
4294967278,106
4294967278,105
4294967278,104
4294967278,103
4294967278,102
4294967278,101
4294967278,100
4294967278,99
4294967278,98
4294967278,97
4294967278,96
4294967278,95
4294967278,94
4294967278,93
4294967278,92
4294967278,91
4294967278,90
4294967278,89
4294967278,87
4294967278,86
4294967278,85
4294967278,84
4294967278,83
4294967278,82
4294967278,81
4294967278,80
4294967278,79
4294967278,78
4294967278,77
4294967278,76
4294967278,75
4294967278,74
4294967278,73
4294967278,72
4294967278,71
4294967278,70
4294967278,69
4294967278,68
4294967278,67
4294967278,66
4294967278,65
4294967278,64
4294967278,63
4294967278,62
4294967278,61
4294967278,60
4294967278,59
4294967278,58
4294967278,57
4294967278,56
4294967278,55
4294967278,54
4294967278,53
4294967278,52
4294967278,51
4294967278,50
4294967278,49
4294967278,48
4294967278,47
4294967278,46
4294967278,45
4294967278,44
4294967278,43
4294967278,42
4294967278,41
4294967278,40
4294967278,39
4294967278,38
4294967278,37
4294967279,27
4294967279,24
4294967279,20
4294967279,19
4294967279,18
4294967279,16
4294967279,12
4294967279,10
4294967279,9
4294967279,8
4294967279,7
4294967279,6
4294967279,5
4294967279,4
4294967294,1152
4294967294,1082
4294967294,1073
4294967294,1072
4294967294,1071
4294967294,1068
4294967294,1
4294967294,11
4294967294,92
4294967294,88
4294967294,584
4294967294,61
4294967294,30
4294967294,40
4294967294,17
4294967294,426
